Valid pair, dimension 4 x 4 
[[0. 0. 1. 0. 0.]
 [0. 0. 0. 1. 0.]
 [1. 0. 0. 0. 1.]
 [0. 1. 0. 0. 1.]
 [0. 0. 0. 0. 1.]]
[[0. 1. 0. 0. 0.]
 [0. 1. 1. 1. 1.]
 [0. 0. 0. 1. 0.]
 [1. 1. 0. 1. 1.]
 [0. 0. 0. 0. 1.]]
[[0 0 1 1]
 [0 0 1 1]
 [1 1 0 0]
 [1 1 0 0]]
Valid pair, dimension 4 x 4 
[[0. 0. 1. 0. 0.]
 [0. 0. 0. 1. 0.]
 [1. 0. 0. 0. 1.]
 [0. 1. 0. 0. 1.]
 [0. 0. 0. 0. 1.]]
[[0. 1. 0. 0. 0.]
 [1. 0. 0. 0. 1.]
 [0. 0. 0. 1. 0.]
 [0. 0. 1. 0. 1.]
 [0. 0. 0. 0. 1.]]
[[0 0 1 1]
 [0 0 1 1]
 [1 1 0 0]
 [1 1 0 0]]
