R shifter, power 4: 
0 0 1 0 0
0 0 0 1 0
0 1 1 1 0
1 0 1 1 1
0 0 0 0 1
D shifter, power 4: 
0 1 0 0 0
0 1 1 1 0
0 0 0 1 0
1 1 0 1 1
0 0 0 0 1
[[0 0 0 1]
 [0 0 1 0]
 [0 1 0 0]
 [1 0 0 0]]
R shifter, power 4: 
0 0 1 0 0
0 0 0 1 0
0 1 1 1 1
1 0 1 1 0
0 0 0 0 1
D shifter, power 4: 
0 1 0 0 0
0 1 1 1 0
0 0 0 1 0
1 1 0 1 1
0 0 0 0 1
[[0 0 1 0]
 [0 0 0 1]
 [0 1 1 1]
 [1 0 1 1]]
R shifter, power 4: 
0 0 1 0 0
0 0 0 1 0
0 1 1 1 1
1 0 1 1 0
0 0 0 0 1
D shifter, power 4: 
0 1 0 0 0
0 1 1 1 1
0 0 0 1 0
1 1 0 1 0
0 0 0 0 1
[[0 0 1 0]
 [0 0 0 1]
 [1 0 0 0]
 [0 1 0 0]]
R shifter, power 4: 
0 0 1 0 0
0 0 0 1 0
0 1 1 1 1
1 0 1 1 1
0 0 0 0 1
D shifter, power 4: 
0 1 0 0 0
0 1 1 1 1
0 0 0 1 0
1 1 0 1 1
0 0 0 0 1
[[0 0 1 1]
 [0 0 1 1]
 [1 1 0 0]
 [1 1 0 0]]
R shifter, power 4: 
0 0 1 0 0
0 0 0 1 0
0 1 1 1 0
1 1 0 1 1
0 0 0 0 1
D shifter, power 4: 
0 1 0 0 0
0 1 1 1 0
0 0 0 1 0
1 0 1 1 1
0 0 0 0 1
[[0 0 0 1]
 [0 0 1 0]
 [0 1 0 0]
 [1 0 0 0]]
R shifter, power 4: 
0 0 1 0 0
0 0 0 1 0
1 1 1 0 1
1 0 1 1 0
0 0 0 0 1
D shifter, power 4: 
0 1 0 0 0
1 1 1 0 1
0 0 0 1 0
1 1 0 1 0
0 0 0 0 1
[[0 0 1 0]
 [0 0 0 1]
 [1 0 0 0]
 [0 1 0 0]]
R shifter, power 4: 
0 0 1 0 0
0 0 0 1 0
1 0 0 0 1
0 1 0 0 1
0 0 0 0 1
D shifter, power 4: 
0 1 0 0 0
0 1 1 1 1
0 0 0 1 0
1 1 0 1 1
0 0 0 0 1
[[0 0 1 1]
 [0 0 1 1]
 [1 1 0 0]
 [1 1 0 0]]
R shifter, power 4: 
0 0 1 0 0
0 0 0 1 0
1 0 0 0 1
0 1 0 0 1
0 0 0 0 1
D shifter, power 4: 
0 1 0 0 0
1 0 0 0 1
0 0 0 1 0
0 0 1 0 1
0 0 0 0 1
[[0 0 1 1]
 [0 0 1 1]
 [1 1 0 0]
 [1 1 0 0]]
