R shifter, power 4: 
0 0 1 0 0
0 0 0 1 0
0 1 1 1 1
1 1 0 1 0
0 0 0 0 1
D shifter, power 4: 
0 1 0 0 0
0 1 1 1 1
0 0 0 1 0
1 0 1 1 0
0 0 0 0 1
[[0, 0, 1, 2], [0, 0, 2, 1], [1, 0, 0, 1], [2, 0, 2, 1]]
R shifter, power 4: 
0 0 1 0 0
0 0 0 1 0
0 1 1 1 1
1 1 0 1 1
0 0 0 0 1
D shifter, power 4: 
0 1 0 0 0
0 1 1 1 1
0 0 0 1 0
1 0 1 1 1
0 0 0 0 1
[[0, 0, 1, 0], [0, 0, 0, 2], [1, 1, 1, 2], [0, 2, 0, 1]]
R shifter, power 4: 
0 0 1 0 0
0 0 0 1 0
1 1 1 0 1
1 0 1 1 1
0 0 0 0 1
D shifter, power 4: 
0 1 0 0 0
1 1 1 0 0
0 0 0 1 0
1 1 0 1 1
0 0 0 0 1
[[0, 0, 1, 2], [0, 0, 1, 0], [0, 1, 2, 0], [0, 2, 1, 1]]
