Valid pair: 
R shifter:399 
0 0 1 0 0
0 0 0 1 0
0 2 1 1 0
2 0 1 1 1
0 0 0 0 1
D shifter:399 
0 1 0 0 0
0 1 2 1 0
0 0 0 1 0
2 1 0 1 1
0 0 0 0 1
Valid pair: 
R shifter:431 
0 0 1 0 0
0 0 0 1 0
0 2 1 1 1
2 0 1 1 0
0 0 0 0 1
D shifter:415 
0 1 0 0 0
0 1 2 1 0
0 0 0 1 0
2 1 0 1 2
0 0 0 0 1
Valid pair: 
R shifter:431 
0 0 1 0 0
0 0 0 1 0
0 2 1 1 1
2 0 1 1 0
0 0 0 0 1
D shifter:431 
0 1 0 0 0
0 1 2 1 1
0 0 0 1 0
2 1 0 1 0
0 0 0 0 1
Valid pair: 
R shifter:447 
0 0 1 0 0
0 0 0 1 0
0 2 1 1 1
2 0 1 1 1
0 0 0 0 1
D shifter:447 
0 1 0 0 0
0 1 2 1 1
0 0 0 1 0
2 1 0 1 1
0 0 0 0 1
Valid pair: 
R shifter:463 
0 0 1 0 0
0 0 0 1 0
0 2 1 1 1
2 0 1 1 2
0 0 0 0 1
D shifter:399 
0 1 0 0 0
0 1 2 1 0
0 0 0 1 0
2 1 0 1 1
0 0 0 0 1
Valid pair: 
R shifter:463 
0 0 1 0 0
0 0 0 1 0
0 2 1 1 1
2 0 1 1 2
0 0 0 0 1
D shifter:463 
0 1 0 0 0
0 1 2 1 1
0 0 0 1 0
2 1 0 1 2
0 0 0 0 1
Valid pair: 
R shifter:479 
0 0 1 0 0
0 0 0 1 0
0 2 1 1 2
2 0 1 1 0
0 0 0 0 1
D shifter:399 
0 1 0 0 0
0 1 2 1 0
0 0 0 1 0
2 1 0 1 1
0 0 0 0 1
Valid pair: 
R shifter:479 
0 0 1 0 0
0 0 0 1 0
0 2 1 1 2
2 0 1 1 0
0 0 0 0 1
D shifter:463 
0 1 0 0 0
0 1 2 1 1
0 0 0 1 0
2 1 0 1 2
0 0 0 0 1
Valid pair: 
R shifter:495 
0 0 1 0 0
0 0 0 1 0
0 2 1 1 2
2 0 1 1 1
0 0 0 0 1
D shifter:415 
0 1 0 0 0
0 1 2 1 0
0 0 0 1 0
2 1 0 1 2
0 0 0 0 1
Valid pair: 
R shifter:495 
0 0 1 0 0
0 0 0 1 0
0 2 1 1 2
2 0 1 1 1
0 0 0 0 1
D shifter:431 
0 1 0 0 0
0 1 2 1 1
0 0 0 1 0
2 1 0 1 0
0 0 0 0 1
Valid pair: 
R shifter:495 
0 0 1 0 0
0 0 0 1 0
0 2 1 1 2
2 0 1 1 1
0 0 0 0 1
D shifter:495 
0 1 0 0 0
0 1 2 1 2
0 0 0 1 0
2 1 0 1 1
0 0 0 0 1
Valid pair: 
R shifter:1165 
0 0 1 0 0
0 0 0 1 0
0 2 1 1 0
1 2 0 1 1
0 0 0 0 1
D shifter:1165 
0 1 0 0 0
0 1 2 1 0
0 0 0 1 0
1 0 2 1 1
0 0 0 0 1
Valid pair: 
R shifter:1197 
0 0 1 0 0
0 0 0 1 0
0 2 1 1 1
1 2 0 1 0
0 0 0 0 1
D shifter:1197 
0 1 0 0 0
0 1 2 1 1
0 0 0 1 0
1 0 2 1 0
0 0 0 0 1
Valid pair: 
R shifter:1198 
0 0 1 0 0
0 0 0 1 0
0 2 1 1 1
1 2 1 0 0
0 0 0 0 1
D shifter:236 
0 1 0 0 0
0 1 2 1 2
0 0 0 1 0
1 0 0 0 1
0 0 0 0 1
Valid pair: 
R shifter:1213 
0 0 1 0 0
0 0 0 1 0
0 2 1 1 1
1 2 0 1 1
0 0 0 0 1
D shifter:1213 
0 1 0 0 0
0 1 2 1 1
0 0 0 1 0
1 0 2 1 1
0 0 0 0 1
Valid pair: 
R shifter:1214 
0 0 1 0 0
0 0 0 1 0
0 2 1 1 1
1 2 1 0 1
0 0 0 0 1
D shifter:252 
0 1 0 0 0
0 1 2 1 2
0 0 0 1 0
1 0 0 0 2
0 0 0 0 1
Valid pair: 
R shifter:1229 
0 0 1 0 0
0 0 0 1 0
0 2 1 1 1
1 2 0 1 2
0 0 0 0 1
D shifter:1229 
0 1 0 0 0
0 1 2 1 1
0 0 0 1 0
1 0 2 1 2
0 0 0 0 1
Valid pair: 
R shifter:1230 
0 0 1 0 0
0 0 0 1 0
0 2 1 1 1
1 2 1 0 2
0 0 0 0 1
D shifter:220 
0 1 0 0 0
0 1 2 1 2
0 0 0 1 0
1 0 0 0 0
0 0 0 0 1
Valid pair: 
R shifter:1246 
0 0 1 0 0
0 0 0 1 0
0 2 1 1 2
1 2 1 0 0
0 0 0 0 1
D shifter:204 
0 1 0 0 0
0 1 2 1 1
0 0 0 1 0
1 0 0 0 2
0 0 0 0 1
Valid pair: 
R shifter:1261 
0 0 1 0 0
0 0 0 1 0
0 2 1 1 2
1 2 0 1 1
0 0 0 0 1
D shifter:1261 
0 1 0 0 0
0 1 2 1 2
0 0 0 1 0
1 0 2 1 1
0 0 0 0 1
Valid pair: 
R shifter:1262 
0 0 1 0 0
0 0 0 1 0
0 2 1 1 2
1 2 1 0 1
0 0 0 0 1
D shifter:172 
0 1 0 0 0
0 1 2 1 1
0 0 0 1 0
1 0 0 0 0
0 0 0 0 1
Valid pair: 
R shifter:1278 
0 0 1 0 0
0 0 0 1 0
0 2 1 1 2
1 2 1 0 2
0 0 0 0 1
D shifter:188 
0 1 0 0 0
0 1 2 1 1
0 0 0 1 0
1 0 0 0 1
0 0 0 0 1
Valid pair: 
R shifter:1420 
0 0 1 0 0
0 0 0 1 0
0 2 1 1 0
2 2 0 0 1
0 0 0 0 1
D shifter:1420 
0 1 0 0 0
0 1 2 1 0
0 0 0 1 0
2 0 2 0 1
0 0 0 0 1
Valid pair: 
R shifter:1452 
0 0 1 0 0
0 0 0 1 0
0 2 1 1 1
2 2 0 0 0
0 0 0 0 1
D shifter:1452 
0 1 0 0 0
0 1 2 1 1
0 0 0 1 0
2 0 2 0 0
0 0 0 0 1
Valid pair: 
R shifter:1468 
0 0 1 0 0
0 0 0 1 0
0 2 1 1 1
2 2 0 0 1
0 0 0 0 1
D shifter:1468 
0 1 0 0 0
0 1 2 1 1
0 0 0 1 0
2 0 2 0 1
0 0 0 0 1
Valid pair: 
R shifter:1484 
0 0 1 0 0
0 0 0 1 0
0 2 1 1 1
2 2 0 0 2
0 0 0 0 1
D shifter:1484 
0 1 0 0 0
0 1 2 1 1
0 0 0 1 0
2 0 2 0 2
0 0 0 0 1
Valid pair: 
R shifter:1516 
0 0 1 0 0
0 0 0 1 0
0 2 1 1 2
2 2 0 0 1
0 0 0 0 1
D shifter:1516 
0 1 0 0 0
0 1 2 1 2
0 0 0 1 0
2 0 2 0 1
0 0 0 0 1
Valid pair: 
R shifter:1963 
0 0 1 0 0
0 0 0 1 0
1 2 1 0 1
2 0 1 1 0
0 0 0 0 1
D shifter:1963 
0 1 0 0 0
1 1 2 0 1
0 0 0 1 0
2 1 0 1 0
0 0 0 0 1
Valid pair: 
R shifter:1979 
0 0 1 0 0
0 0 0 1 0
1 2 1 0 1
2 0 1 1 1
0 0 0 0 1
D shifter:1947 
0 1 0 0 0
1 1 2 0 0
0 0 0 1 0
2 1 0 1 2
0 0 0 0 1
Valid pair: 
R shifter:2027 
0 0 1 0 0
0 0 0 1 0
1 2 1 0 2
2 0 1 1 1
0 0 0 0 1
D shifter:1995 
0 1 0 0 0
1 1 2 0 1
0 0 0 1 0
2 1 0 1 2
0 0 0 0 1
Valid pair: 
R shifter:2043 
0 0 1 0 0
0 0 0 1 0
1 2 1 0 2
2 0 1 1 2
0 0 0 0 1
D shifter:1931 
0 1 0 0 0
1 1 2 0 0
0 0 0 1 0
2 1 0 1 1
0 0 0 0 1
Valid pair: 
R shifter:2096 
0 0 1 0 0
0 0 0 1 0
1 0 0 0 1
0 1 0 0 1
0 0 0 0 1
D shifter:0 
0 1 0 0 0
0 0 1 0 0
0 0 0 1 0
1 0 0 0 1
0 0 0 0 1
Valid pair: 
R shifter:2096 
0 0 1 0 0
0 0 0 1 0
1 0 0 0 1
0 1 0 0 1
0 0 0 0 1
D shifter:64 
0 1 0 0 0
0 0 1 0 1
0 0 0 1 0
1 0 0 0 2
0 0 0 0 1
Valid pair: 
R shifter:2096 
0 0 1 0 0
0 0 0 1 0
1 0 0 0 1
0 1 0 0 1
0 0 0 0 1
D shifter:80 
0 1 0 0 0
0 0 1 0 2
0 0 0 1 0
1 0 0 0 0
0 0 0 0 1
Valid pair: 
R shifter:2096 
0 0 1 0 0
0 0 0 1 0
1 0 0 0 1
0 1 0 0 1
0 0 0 0 1
D shifter:511 
0 1 0 0 0
0 1 2 1 2
0 0 0 1 0
2 1 0 1 2
0 0 0 0 1
Valid pair: 
R shifter:2105 
0 0 1 0 0
0 0 0 1 0
1 0 1 0 1
0 1 0 1 1
0 0 0 0 1
D shifter:551 
0 1 0 0 0
0 0 1 1 1
0 0 0 1 0
1 1 1 1 0
0 0 0 0 1
Valid pair: 
R shifter:2105 
0 0 1 0 0
0 0 0 1 0
1 0 1 0 1
0 1 0 1 1
0 0 0 0 1
D shifter:585 
0 1 0 0 0
0 1 1 0 1
0 0 0 1 0
1 0 1 1 2
0 0 0 0 1
Valid pair: 
R shifter:2105 
0 0 1 0 0
0 0 0 1 0
1 0 1 0 1
0 1 0 1 1
0 0 0 0 1
D shifter:1440 
0 1 0 0 0
0 0 2 0 1
0 0 0 1 0
2 0 2 0 0
0 0 0 0 1
Valid pair: 
R shifter:2105 
0 0 1 0 0
0 0 0 1 0
1 0 1 0 1
0 1 0 1 1
0 0 0 0 1
D shifter:1513 
0 1 0 0 0
0 1 2 0 2
0 0 0 1 0
2 0 2 1 1
0 0 0 0 1
Valid pair: 
R shifter:2105 
0 0 1 0 0
0 0 0 1 0
1 0 1 0 1
0 1 0 1 1
0 0 0 0 1
D shifter:1527 
0 1 0 0 0
0 0 2 1 2
0 0 0 1 0
2 1 2 1 2
0 0 0 0 1
Valid pair: 
R shifter:2105 
0 0 1 0 0
0 0 0 1 0
1 0 1 0 1
0 1 0 1 1
0 0 0 0 1
D shifter:1945 
0 1 0 0 0
1 1 2 0 0
0 0 0 1 0
2 0 0 1 2
0 0 0 0 1
Valid pair: 
R shifter:2105 
0 0 1 0 0
0 0 0 1 0
1 0 1 0 1
0 1 0 1 1
0 0 0 0 1
D shifter:2105 
0 1 0 0 0
1 1 0 0 1
0 0 0 1 0
0 0 1 1 1
0 0 0 0 1
Valid pair: 
R shifter:2119 
0 0 1 0 0
0 0 0 1 0
1 0 0 1 1
0 1 1 1 2
0 0 0 0 1
D shifter:2105 
0 1 0 0 0
1 1 0 0 1
0 0 0 1 0
0 0 1 1 1
0 0 0 0 1
Valid pair: 
R shifter:2160 
0 0 1 0 0
0 0 0 1 0
1 0 0 0 2
0 1 0 0 2
0 0 0 0 1
D shifter:32 
0 1 0 0 0
0 0 1 0 1
0 0 0 1 0
1 0 0 0 0
0 0 0 0 1
Valid pair: 
R shifter:2160 
0 0 1 0 0
0 0 0 1 0
1 0 0 0 2
0 1 0 0 2
0 0 0 0 1
D shifter:96 
0 1 0 0 0
0 0 1 0 2
0 0 0 1 0
1 0 0 0 1
0 0 0 0 1
Valid pair: 
R shifter:2160 
0 0 1 0 0
0 0 0 1 0
1 0 0 0 2
0 1 0 0 2
0 0 0 0 1
D shifter:447 
0 1 0 0 0
0 1 2 1 1
0 0 0 1 0
2 1 0 1 1
0 0 0 0 1
Valid pair: 
R shifter:2160 
0 0 1 0 0
0 0 0 1 0
1 0 0 0 2
0 1 0 0 2
0 0 0 0 1
D shifter:2096 
0 1 0 0 0
1 0 0 0 1
0 0 0 1 0
0 0 1 0 1
0 0 0 0 1
Valid pair: 
R shifter:2169 
0 0 1 0 0
0 0 0 1 0
1 0 1 0 2
0 1 0 1 2
0 0 0 0 1
D shifter:617 
0 1 0 0 0
0 1 1 0 2
0 0 0 1 0
1 0 1 1 1
0 0 0 0 1
Valid pair: 
R shifter:2169 
0 0 1 0 0
0 0 0 1 0
1 0 1 0 2
0 1 0 1 2
0 0 0 0 1
D shifter:1463 
0 1 0 0 0
0 0 2 1 1
0 0 0 1 0
2 1 2 1 1
0 0 0 0 1
Valid pair: 
R shifter:2169 
0 0 1 0 0
0 0 0 1 0
1 0 1 0 2
0 1 0 1 2
0 0 0 0 1
D shifter:1481 
0 1 0 0 0
0 1 2 0 1
0 0 0 1 0
2 0 2 1 2
0 0 0 0 1
Valid pair: 
R shifter:2169 
0 0 1 0 0
0 0 0 1 0
1 0 1 0 2
0 1 0 1 2
0 0 0 0 1
D shifter:1929 
0 1 0 0 0
1 1 2 0 0
0 0 0 1 0
2 0 0 1 1
0 0 0 0 1
Valid pair: 
R shifter:2169 
0 0 1 0 0
0 0 0 1 0
1 0 1 0 2
0 1 0 1 2
0 0 0 0 1
D shifter:1984 
0 1 0 0 0
1 0 2 0 1
0 0 0 1 0
2 0 0 0 2
0 0 0 0 1
Valid pair: 
R shifter:2169 
0 0 1 0 0
0 0 0 1 0
1 0 1 0 2
0 1 0 1 2
0 0 0 0 1
D shifter:2151 
0 1 0 0 0
1 0 0 1 2
0 0 0 1 0
0 1 1 1 1
0 0 0 0 1
Valid pair: 
R shifter:2226 
0 0 1 0 0
0 0 0 1 0
1 1 0 0 1
0 1 1 0 1
0 0 0 0 1
D shifter:2 
0 1 0 0 0
0 0 1 0 0
0 0 0 1 0
1 1 0 0 1
0 0 0 0 1
Valid pair: 
R shifter:2235 
0 0 1 0 0
0 0 0 1 0
1 1 1 0 1
0 1 1 1 1
0 0 0 0 1
D shifter:514 
0 1 0 0 0
0 0 1 0 0
0 0 0 1 0
1 1 1 0 1
0 0 0 0 1
Valid pair: 
R shifter:2315 
0 0 1 0 0
0 0 0 1 0
1 2 1 0 0
0 1 1 1 1
0 0 0 0 1
D shifter:1522 
0 1 0 0 0
0 0 2 0 2
0 0 0 1 0
2 1 2 0 2
0 0 0 0 1
Valid pair: 
R shifter:2331 
0 0 1 0 0
0 0 0 1 0
1 2 1 0 0
0 1 1 1 2
0 0 0 0 1
D shifter:1458 
0 1 0 0 0
0 0 2 0 1
0 0 0 1 0
2 1 2 0 1
0 0 0 0 1
Valid pair: 
R shifter:2370 
0 0 1 0 0
0 0 0 1 0
1 2 0 0 1
0 1 1 0 2
0 0 0 0 1
D shifter:482 
0 1 0 0 0
0 0 2 0 2
0 0 0 1 0
2 1 0 0 1
0 0 0 0 1
Valid pair: 
R shifter:2402 
0 0 1 0 0
0 0 0 1 0
1 2 0 0 2
0 1 1 0 1
0 0 0 0 1
D shifter:450 
0 1 0 0 0
0 0 2 0 1
0 0 0 1 0
2 1 0 0 2
0 0 0 0 1
Valid pair: 
R shifter:2501 
0 0 1 0 0
0 0 0 1 0
1 0 0 1 1
1 1 0 1 2
0 0 0 0 1
D shifter:1 
0 1 0 0 0
0 0 1 0 0
0 0 0 1 0
1 0 0 1 1
0 0 0 0 1
Valid pair: 
R shifter:2533 
0 0 1 0 0
0 0 0 1 0
1 0 0 1 2
1 1 0 1 1
0 0 0 0 1
D shifter:17 
0 1 0 0 0
0 0 1 0 0
0 0 0 1 0
1 0 0 1 2
0 0 0 0 1
Valid pair: 
R shifter:2607 
0 0 1 0 0
0 0 0 1 0
1 2 1 1 1
1 1 1 1 0
0 0 0 0 1
D shifter:1946 
0 1 0 0 0
1 1 2 0 0
0 0 0 1 0
2 1 0 0 2
0 0 0 0 1
Valid pair: 
R shifter:2655 
0 0 1 0 0
0 0 0 1 0
1 2 1 1 2
1 1 1 1 0
0 0 0 0 1
D shifter:1930 
0 1 0 0 0
1 1 2 0 0
0 0 0 1 0
2 1 0 0 1
0 0 0 0 1
Valid pair: 
R shifter:2733 
0 0 1 0 0
0 0 0 1 0
1 0 1 1 1
2 1 0 1 0
0 0 0 0 1
D shifter:1944 
0 1 0 0 0
1 1 2 0 0
0 0 0 1 0
2 0 0 0 2
0 0 0 0 1
Valid pair: 
R shifter:2756 
0 0 1 0 0
0 0 0 1 0
1 0 0 1 1
2 1 0 0 2
0 0 0 0 1
D shifter:488 
0 1 0 0 0
0 1 2 0 2
0 0 0 1 0
2 0 0 0 1
0 0 0 0 1
Valid pair: 
R shifter:2781 
0 0 1 0 0
0 0 0 1 0
1 0 1 1 2
2 1 0 1 0
0 0 0 0 1
D shifter:1928 
0 1 0 0 0
1 1 2 0 0
0 0 0 1 0
2 0 0 0 1
0 0 0 0 1
Valid pair: 
R shifter:2788 
0 0 1 0 0
0 0 0 1 0
1 0 0 1 2
2 1 0 0 1
0 0 0 0 1
D shifter:456 
0 1 0 0 0
0 1 2 0 1
0 0 0 1 0
2 0 0 0 2
0 0 0 0 1
Valid pair: 
R shifter:3115 
0 0 1 0 0
0 0 0 1 0
1 1 1 0 1
0 2 1 1 0
0 0 0 0 1
D shifter:603 
0 1 0 0 0
0 1 1 0 2
0 0 0 1 0
1 1 1 1 0
0 0 0 0 1
Valid pair: 
R shifter:3163 
0 0 1 0 0
0 0 0 1 0
1 1 1 0 2
0 2 1 1 0
0 0 0 0 1
D shifter:555 
0 1 0 0 0
0 1 1 0 1
0 0 0 1 0
1 1 1 1 0
0 0 0 0 1
Valid pair: 
R shifter:3170 
0 0 1 0 0
0 0 0 1 0
1 1 0 0 2
0 2 1 0 1
0 0 0 0 1
D shifter:107 
0 1 0 0 0
0 1 1 0 2
0 0 0 1 0
1 1 0 1 1
0 0 0 0 1
Valid pair: 
R shifter:3497 
0 0 1 0 0
0 0 0 1 0
1 1 1 0 1
1 2 0 1 0
0 0 0 0 1
D shifter:2169 
0 1 0 0 0
1 1 0 0 2
0 0 0 1 0
0 0 1 1 2
0 0 0 0 1
Valid pair: 
R shifter:3520 
0 0 1 0 0
0 0 0 1 0
1 1 0 0 1
1 2 0 0 2
0 0 0 0 1
D shifter:2105 
0 1 0 0 0
1 1 0 0 1
0 0 0 1 0
0 0 1 1 1
0 0 0 0 1
Valid pair: 
R shifter:3527 
0 0 1 0 0
0 0 0 1 0
1 1 0 1 1
1 2 1 1 2
0 0 0 0 1
D shifter:3 
0 1 0 0 0
0 0 1 0 0
0 0 0 1 0
1 1 0 1 1
0 0 0 0 1
Valid pair: 
R shifter:3527 
0 0 1 0 0
0 0 0 1 0
1 1 0 1 1
1 2 1 1 2
0 0 0 0 1
D shifter:2169 
0 1 0 0 0
1 1 0 0 2
0 0 0 1 0
0 0 1 1 2
0 0 0 0 1
Valid pair: 
R shifter:3527 
0 0 1 0 0
0 0 0 1 0
1 1 0 1 1
1 2 1 1 2
0 0 0 0 1
D shifter:3206 
0 1 0 0 0
1 0 2 1 0
0 0 0 1 0
0 1 2 0 1
0 0 0 0 1
Valid pair: 
R shifter:3545 
0 0 1 0 0
0 0 0 1 0
1 1 1 0 2
1 2 0 1 0
0 0 0 0 1
D shifter:2105 
0 1 0 0 0
1 1 0 0 1
0 0 0 1 0
0 0 1 1 1
0 0 0 0 1
Valid pair: 
R shifter:3552 
0 0 1 0 0
0 0 0 1 0
1 1 0 0 2
1 2 0 0 1
0 0 0 0 1
D shifter:2169 
0 1 0 0 0
1 1 0 0 2
0 0 0 1 0
0 0 1 1 2
0 0 0 0 1
Valid pair: 
R shifter:3559 
0 0 1 0 0
0 0 0 1 0
1 1 0 1 2
1 2 1 1 1
0 0 0 0 1
D shifter:19 
0 1 0 0 0
0 0 1 0 0
0 0 0 1 0
1 1 0 1 2
0 0 0 0 1
Valid pair: 
R shifter:3559 
0 0 1 0 0
0 0 0 1 0
1 1 0 1 2
1 2 1 1 1
0 0 0 0 1
D shifter:2105 
0 1 0 0 0
1 1 0 0 1
0 0 0 1 0
0 0 1 1 1
0 0 0 0 1
Valid pair: 
R shifter:3559 
0 0 1 0 0
0 0 0 1 0
1 1 0 1 2
1 2 1 1 1
0 0 0 0 1
D shifter:3222 
0 1 0 0 0
1 0 2 1 0
0 0 0 1 0
0 1 2 0 2
0 0 0 0 1
Valid pair: 
R shifter:3563 
0 0 1 0 0
0 0 0 1 0
1 1 1 0 2
1 2 1 1 1
0 0 0 0 1
D shifter:3563 
0 1 0 0 0
1 1 1 0 2
0 0 0 1 0
1 1 2 1 1
0 0 0 0 1
Valid pair: 
R shifter:3847 
0 0 1 0 0
0 0 0 1 0
2 1 0 1 0
1 0 1 1 1
0 0 0 0 1
D shifter:2169 
0 1 0 0 0
1 1 0 0 2
0 0 0 1 0
0 0 1 1 2
0 0 0 0 1
Valid pair: 
R shifter:3849 
0 0 1 0 0
0 0 0 1 0
2 1 1 0 0
1 0 0 1 1
0 0 0 0 1
D shifter:2105 
0 1 0 0 0
1 1 0 0 1
0 0 0 1 0
0 0 1 1 1
0 0 0 0 1
Valid pair: 
R shifter:3863 
0 0 1 0 0
0 0 0 1 0
2 1 0 1 0
1 0 1 1 2
0 0 0 0 1
D shifter:2105 
0 1 0 0 0
1 1 0 0 1
0 0 0 1 0
0 0 1 1 1
0 0 0 0 1
Valid pair: 
R shifter:3872 
0 0 1 0 0
0 0 0 1 0
2 1 0 0 1
1 0 0 0 0
0 0 0 0 1
D shifter:2169 
0 1 0 0 0
1 1 0 0 2
0 0 0 1 0
0 0 1 1 2
0 0 0 0 1
Valid pair: 
R shifter:3906 
0 0 1 0 0
0 0 0 1 0
2 1 0 0 1
1 0 1 0 2
0 0 0 0 1
D shifter:2891 
0 1 0 0 0
1 1 1 0 1
0 0 0 1 0
2 1 1 1 2
0 0 0 0 1
Valid pair: 
R shifter:3920 
0 0 1 0 0
0 0 0 1 0
2 1 0 0 2
1 0 0 0 0
0 0 0 0 1
D shifter:2105 
0 1 0 0 0
1 1 0 0 1
0 0 0 1 0
0 0 1 1 1
0 0 0 0 1
Valid pair: 
R shifter:4103 
0 0 1 0 0
0 0 0 1 0
2 1 0 1 0
2 0 1 1 1
0 0 0 0 1
D shifter:371 
0 1 0 0 0
0 0 1 0 2
0 0 0 1 0
2 1 0 1 2
0 0 0 0 1
Valid pair: 
R shifter:4119 
0 0 1 0 0
0 0 0 1 0
2 1 0 1 0
2 0 1 1 2
0 0 0 0 1
D shifter:307 
0 1 0 0 0
0 0 1 0 1
0 0 0 1 0
2 1 0 1 1
0 0 0 0 1
Valid pair: 
R shifter:4135 
0 0 1 0 0
0 0 0 1 0
2 1 0 1 1
2 0 1 1 0
0 0 0 0 1
D shifter:339 
0 1 0 0 0
0 0 1 0 2
0 0 0 1 0
2 1 0 1 0
0 0 0 0 1
Valid pair: 
R shifter:4151 
0 0 1 0 0
0 0 0 1 0
2 1 0 1 1
2 0 1 1 1
0 0 0 0 1
D shifter:323 
0 1 0 0 0
0 0 1 0 1
0 0 0 1 0
2 1 0 1 2
0 0 0 0 1
Valid pair: 
R shifter:4155 
0 0 1 0 0
0 0 0 1 0
2 1 1 0 1
2 0 1 1 1
0 0 0 0 1
D shifter:4107 
0 1 0 0 0
2 1 1 0 0
0 0 0 1 0
2 1 0 1 1
0 0 0 0 1
Valid pair: 
R shifter:4156 
0 0 1 0 0
0 0 0 1 0
2 1 1 1 1
2 0 0 0 1
0 0 0 0 1
D shifter:3559 
0 1 0 0 0
1 0 1 1 2
0 0 0 1 0
1 1 2 1 1
0 0 0 0 1
Valid pair: 
R shifter:4167 
0 0 1 0 0
0 0 0 1 0
2 1 0 1 1
2 0 1 1 2
0 0 0 0 1
D shifter:259 
0 1 0 0 0
0 0 1 0 0
0 0 0 1 0
2 1 0 1 1
0 0 0 0 1
Valid pair: 
R shifter:4171 
0 0 1 0 0
0 0 0 1 0
2 1 1 0 1
2 0 1 1 2
0 0 0 0 1
D shifter:4171 
0 1 0 0 0
2 1 1 0 1
0 0 0 1 0
2 1 0 1 2
0 0 0 0 1
Valid pair: 
R shifter:4183 
0 0 1 0 0
0 0 0 1 0
2 1 0 1 2
2 0 1 1 0
0 0 0 0 1
D shifter:291 
0 1 0 0 0
0 0 1 0 1
0 0 0 1 0
2 1 0 1 0
0 0 0 0 1
Valid pair: 
R shifter:4187 
0 0 1 0 0
0 0 0 1 0
2 1 1 0 2
2 0 1 1 0
0 0 0 0 1
D shifter:4139 
0 1 0 0 0
2 1 1 0 1
0 0 0 1 0
2 1 0 1 0
0 0 0 0 1
Valid pair: 
R shifter:4199 
0 0 1 0 0
0 0 0 1 0
2 1 0 1 2
2 0 1 1 1
0 0 0 0 1
D shifter:275 
0 1 0 0 0
0 0 1 0 0
0 0 0 1 0
2 1 0 1 2
0 0 0 0 1
Valid pair: 
R shifter:4203 
0 0 1 0 0
0 0 0 1 0
2 1 1 0 2
2 0 1 1 1
0 0 0 0 1
D shifter:4203 
0 1 0 0 0
2 1 1 0 2
0 0 0 1 0
2 1 0 1 1
0 0 0 0 1
Valid pair: 
R shifter:4215 
0 0 1 0 0
0 0 0 1 0
2 1 0 1 2
2 0 1 1 2
0 0 0 0 1
D shifter:355 
0 1 0 0 0
0 0 1 0 2
0 0 0 1 0
2 1 0 1 1
0 0 0 0 1
Valid pair: 
R shifter:4220 
0 0 1 0 0
0 0 0 1 0
2 1 1 1 2
2 0 0 0 2
0 0 0 0 1
D shifter:3527 
0 1 0 0 0
1 0 1 1 1
0 0 0 1 0
1 1 2 1 2
0 0 0 0 1
Valid pair: 
R shifter:4610 
0 0 1 0 0
0 0 0 1 0
2 2 0 0 0
0 1 1 0 1
0 0 0 0 1
D shifter:251 
0 1 0 0 0
0 1 2 0 2
0 0 0 1 0
1 1 0 1 2
0 0 0 0 1
Valid pair: 
R shifter:4626 
0 0 1 0 0
0 0 0 1 0
2 2 0 0 0
0 1 1 0 2
0 0 0 0 1
D shifter:187 
0 1 0 0 0
0 1 2 0 1
0 0 0 1 0
1 1 0 1 1
0 0 0 0 1
Valid pair: 
R shifter:4683 
0 0 1 0 0
0 0 0 1 0
2 2 1 0 1
0 1 1 1 2
0 0 0 0 1
D shifter:1259 
0 1 0 0 0
0 1 2 0 2
0 0 0 1 0
1 1 2 1 1
0 0 0 0 1
Valid pair: 
R shifter:5120 
0 0 1 0 0
0 0 0 1 0
2 2 0 0 0
2 1 0 0 1
0 0 0 0 1
D shifter:2169 
0 1 0 0 0
1 1 0 0 2
0 0 0 1 0
0 0 1 1 2
0 0 0 0 1
Valid pair: 
R shifter:5122 
0 0 1 0 0
0 0 0 1 0
2 2 0 0 0
2 1 1 0 1
0 0 0 0 1
D shifter:2683 
0 1 0 0 0
1 1 2 0 2
0 0 0 1 0
1 1 1 1 2
0 0 0 0 1
Valid pair: 
R shifter:5138 
0 0 1 0 0
0 0 0 1 0
2 2 0 0 0
2 1 1 0 2
0 0 0 0 1
D shifter:2619 
0 1 0 0 0
1 1 2 0 1
0 0 0 1 0
1 1 1 1 1
0 0 0 0 1
Valid pair: 
R shifter:5154 
0 0 1 0 0
0 0 0 1 0
2 2 0 0 1
2 1 1 0 0
0 0 0 0 1
D shifter:2603 
0 1 0 0 0
1 1 2 0 1
0 0 0 1 0
1 1 1 1 0
0 0 0 0 1
Valid pair: 
R shifter:5161 
0 0 1 0 0
0 0 0 1 0
2 2 1 0 1
2 1 0 1 0
0 0 0 0 1
D shifter:2105 
0 1 0 0 0
1 1 0 0 1
0 0 0 1 0
0 0 1 1 1
0 0 0 0 1
Valid pair: 
R shifter:5170 
0 0 1 0 0
0 0 0 1 0
2 2 0 0 1
2 1 1 0 1
0 0 0 0 1
D shifter:2587 
0 1 0 0 0
1 1 2 0 0
0 0 0 1 0
1 1 1 1 2
0 0 0 0 1
Valid pair: 
R shifter:5175 
0 0 1 0 0
0 0 0 1 0
2 2 0 1 1
2 1 1 1 1
0 0 0 0 1
D shifter:2105 
0 1 0 0 0
1 1 0 0 1
0 0 0 1 0
0 0 1 1 1
0 0 0 0 1
Valid pair: 
R shifter:5179 
0 0 1 0 0
0 0 0 1 0
2 2 1 0 1
2 1 1 1 1
0 0 0 0 1
D shifter:1691 
0 1 0 0 0
1 1 2 0 0
0 0 0 1 0
1 1 0 1 2
0 0 0 0 1
Valid pair: 
R shifter:5186 
0 0 1 0 0
0 0 0 1 0
2 2 0 0 1
2 1 1 0 2
0 0 0 0 1
D shifter:2667 
0 1 0 0 0
1 1 2 0 2
0 0 0 1 0
1 1 1 1 1
0 0 0 0 1
Valid pair: 
R shifter:5192 
0 0 1 0 0
0 0 0 1 0
2 2 1 0 1
2 1 0 0 2
0 0 0 0 1
D shifter:2799 
0 1 0 0 0
1 1 0 1 2
0 0 0 1 0
2 1 1 1 1
0 0 0 0 1
Valid pair: 
R shifter:5218 
0 0 1 0 0
0 0 0 1 0
2 2 0 0 2
2 1 1 0 1
0 0 0 0 1
D shifter:2635 
0 1 0 0 0
1 1 2 0 1
0 0 0 1 0
1 1 1 1 2
0 0 0 0 1
Valid pair: 
R shifter:5224 
0 0 1 0 0
0 0 0 1 0
2 2 1 0 2
2 1 0 0 1
0 0 0 0 1
D shifter:2767 
0 1 0 0 0
1 1 0 1 1
0 0 0 1 0
2 1 1 1 2
0 0 0 0 1
Valid pair: 
R shifter:5234 
0 0 1 0 0
0 0 0 1 0
2 2 0 0 2
2 1 1 0 2
0 0 0 0 1
D shifter:2571 
0 1 0 0 0
1 1 2 0 0
0 0 0 1 0
1 1 1 1 1
0 0 0 0 1
Valid pair: 
R shifter:5243 
0 0 1 0 0
0 0 0 1 0
2 2 1 0 2
2 1 1 1 2
0 0 0 0 1
D shifter:1675 
0 1 0 0 0
1 1 2 0 0
0 0 0 1 0
1 1 0 1 1
0 0 0 0 1
Valid pair: 
R shifter:5263 
0 0 1 0 0
0 0 0 1 0
2 0 1 1 0
0 2 1 1 1
0 0 0 0 1
D shifter:2096 
0 1 0 0 0
1 0 0 0 1
0 0 0 1 0
0 0 1 0 1
0 0 0 0 1
Valid pair: 
R shifter:5287 
0 0 1 0 0
0 0 0 1 0
2 0 0 1 1
0 2 1 1 0
0 0 0 0 1
D shifter:2169 
0 1 0 0 0
1 1 0 0 2
0 0 0 1 0
0 0 1 1 2
0 0 0 0 1
Valid pair: 
R shifter:5295 
0 0 1 0 0
0 0 0 1 0
2 0 1 1 1
0 2 1 1 0
0 0 0 0 1
D shifter:2160 
0 1 0 0 0
1 0 0 0 2
0 0 0 1 0
0 0 1 0 2
0 0 0 0 1
Valid pair: 
R shifter:5296 
0 0 1 0 0
0 0 0 1 0
2 0 0 0 1
0 2 0 0 1
0 0 0 0 1
D shifter:160 
0 1 0 0 0
0 0 2 0 1
0 0 0 1 0
1 0 0 0 0
0 0 0 0 1
Valid pair: 
R shifter:5296 
0 0 1 0 0
0 0 0 1 0
2 0 0 0 1
0 2 0 0 1
0 0 0 0 1
D shifter:233 
0 1 0 0 0
0 1 2 0 2
0 0 0 1 0
1 0 0 1 1
0 0 0 0 1
Valid pair: 
R shifter:5296 
0 0 1 0 0
0 0 0 1 0
2 0 0 0 1
0 2 0 0 1
0 0 0 0 1
D shifter:256 
0 1 0 0 0
0 0 1 0 0
0 0 0 1 0
2 0 0 0 1
0 0 0 0 1
Valid pair: 
R shifter:5296 
0 0 1 0 0
0 0 0 1 0
2 0 0 0 1
0 2 0 0 1
0 0 0 0 1
D shifter:329 
0 1 0 0 0
0 1 1 0 1
0 0 0 1 0
2 0 0 1 2
0 0 0 0 1
Valid pair: 
R shifter:5296 
0 0 1 0 0
0 0 0 1 0
2 0 0 0 1
0 2 0 0 1
0 0 0 0 1
D shifter:2105 
0 1 0 0 0
1 1 0 0 1
0 0 0 1 0
0 0 1 1 1
0 0 0 0 1
Valid pair: 
R shifter:5296 
0 0 1 0 0
0 0 0 1 0
2 0 0 0 1
0 2 0 0 1
0 0 0 0 1
D shifter:2585 
0 1 0 0 0
1 1 2 0 0
0 0 0 1 0
1 0 1 1 2
0 0 0 0 1
Valid pair: 
R shifter:5296 
0 0 1 0 0
0 0 0 1 0
2 0 0 0 1
0 2 0 0 1
0 0 0 0 1
D shifter:2656 
0 1 0 0 0
1 0 2 0 2
0 0 0 1 0
1 0 1 0 1
0 0 0 0 1
Valid pair: 
R shifter:5296 
0 0 1 0 0
0 0 0 1 0
2 0 0 0 1
0 2 0 0 1
0 0 0 0 1
D shifter:2880 
0 1 0 0 0
1 0 1 0 1
0 0 0 1 0
2 0 1 0 2
0 0 0 0 1
Valid pair: 
R shifter:5296 
0 0 1 0 0
0 0 0 1 0
2 0 0 0 1
0 2 0 0 1
0 0 0 0 1
D shifter:2905 
0 1 0 0 0
1 1 1 0 2
0 0 0 1 0
2 0 1 1 0
0 0 0 0 1
Valid pair: 
R shifter:5296 
0 0 1 0 0
0 0 0 1 0
2 0 0 0 1
0 2 0 0 1
0 0 0 0 1
D shifter:5296 
0 1 0 0 0
2 0 0 0 1
0 0 0 1 0
0 0 2 0 1
0 0 0 0 1
Valid pair: 
R shifter:5305 
0 0 1 0 0
0 0 0 1 0
2 0 1 0 1
0 2 0 1 1
0 0 0 0 1
D shifter:768 
0 1 0 0 0
0 0 1 0 0
0 0 0 1 0
2 0 1 0 1
0 0 0 0 1
Valid pair: 
R shifter:5305 
0 0 1 0 0
0 0 0 1 0
2 0 1 0 1
0 2 0 1 1
0 0 0 0 1
D shifter:857 
0 1 0 0 0
0 1 1 0 2
0 0 0 1 0
2 0 1 1 0
0 0 0 0 1
Valid pair: 
R shifter:5305 
0 0 1 0 0
0 0 0 1 0
2 0 1 0 1
0 2 0 1 1
0 0 0 0 1
D shifter:1193 
0 1 0 0 0
0 1 2 0 1
0 0 0 1 0
1 0 2 1 0
0 0 0 0 1
Valid pair: 
R shifter:5305 
0 0 1 0 0
0 0 0 1 0
2 0 1 0 1
0 2 0 1 1
0 0 0 0 1
D shifter:1248 
0 1 0 0 0
0 0 2 0 2
0 0 0 1 0
1 0 2 0 1
0 0 0 0 1
Valid pair: 
R shifter:5305 
0 0 1 0 0
0 0 0 1 0
2 0 1 0 1
0 2 0 1 1
0 0 0 0 1
D shifter:1689 
0 1 0 0 0
1 1 2 0 0
0 0 0 1 0
1 0 0 1 2
0 0 0 0 1
Valid pair: 
R shifter:5305 
0 0 1 0 0
0 0 0 1 0
2 0 1 0 1
0 2 0 1 1
0 0 0 0 1
D shifter:1696 
0 1 0 0 0
1 0 2 0 1
0 0 0 1 0
1 0 0 0 0
0 0 0 0 1
Valid pair: 
R shifter:5305 
0 0 1 0 0
0 0 0 1 0
2 0 1 0 1
0 2 0 1 1
0 0 0 0 1
D shifter:2169 
0 1 0 0 0
1 1 0 0 2
0 0 0 1 0
0 0 1 1 2
0 0 0 0 1
Valid pair: 
R shifter:5305 
0 0 1 0 0
0 0 0 1 0
2 0 1 0 1
0 2 0 1 1
0 0 0 0 1
D shifter:4105 
0 1 0 0 0
2 1 1 0 0
0 0 0 1 0
2 0 0 1 1
0 0 0 0 1
Valid pair: 
R shifter:5305 
0 0 1 0 0
0 0 0 1 0
2 0 1 0 1
0 2 0 1 1
0 0 0 0 1
D shifter:4160 
0 1 0 0 0
2 0 1 0 1
0 0 0 1 0
2 0 0 0 2
0 0 0 0 1
Valid pair: 
R shifter:5305 
0 0 1 0 0
0 0 0 1 0
2 0 1 0 1
0 2 0 1 1
0 0 0 0 1
D shifter:5305 
0 1 0 0 0
2 1 0 0 1
0 0 0 1 0
0 0 2 1 1
0 0 0 0 1
Valid pair: 
R shifter:5327 
0 0 1 0 0
0 0 0 1 0
2 0 1 1 1
0 2 1 1 2
0 0 0 0 1
D shifter:2096 
0 1 0 0 0
1 0 0 0 1
0 0 0 1 0
0 0 1 0 1
0 0 0 0 1
Valid pair: 
R shifter:5335 
0 0 1 0 0
0 0 0 1 0
2 0 0 1 2
0 2 1 1 0
0 0 0 0 1
D shifter:2105 
0 1 0 0 0
1 1 0 0 1
0 0 0 1 0
0 0 1 1 1
0 0 0 0 1
Valid pair: 
R shifter:5359 
0 0 1 0 0
0 0 0 1 0
2 0 1 1 2
0 2 1 1 1
0 0 0 0 1
D shifter:2160 
0 1 0 0 0
1 0 0 0 2
0 0 0 1 0
0 0 1 0 2
0 0 0 0 1
Valid pair: 
R shifter:5369 
0 0 1 0 0
0 0 0 1 0
2 0 1 0 2
0 2 0 1 2
0 0 0 0 1
D shifter:1673 
0 1 0 0 0
1 1 2 0 0
0 0 0 1 0
1 0 0 1 1
0 0 0 0 1
Valid pair: 
R shifter:5369 
0 0 1 0 0
0 0 0 1 0
2 0 1 0 2
0 2 0 1 2
0 0 0 0 1
D shifter:2105 
0 1 0 0 0
1 1 0 0 1
0 0 0 1 0
0 0 1 1 1
0 0 0 0 1
Valid pair: 
R shifter:5369 
0 0 1 0 0
0 0 0 1 0
2 0 1 0 2
0 2 0 1 2
0 0 0 0 1
D shifter:4192 
0 1 0 0 0
2 0 1 0 2
0 0 0 1 0
2 0 0 0 1
0 0 0 0 1
Valid pair: 
R shifter:5369 
0 0 1 0 0
0 0 0 1 0
2 0 1 0 2
0 2 0 1 2
0 0 0 0 1
D shifter:5296 
0 1 0 0 0
2 0 0 0 1
0 0 0 1 0
0 0 2 0 1
0 0 0 0 1
Valid pair: 
R shifter:5387 
0 0 1 0 0
0 0 0 1 0
2 1 1 0 0
0 2 1 1 1
0 0 0 0 1
D shifter:818 
0 1 0 0 0
0 0 1 0 1
0 0 0 1 0
2 1 1 0 1
0 0 0 0 1
Valid pair: 
R shifter:5411 
0 0 1 0 0
0 0 0 1 0
2 1 0 0 1
0 2 1 1 0
0 0 0 0 1
D shifter:853 
0 1 0 0 0
0 0 1 1 2
0 0 0 1 0
2 0 1 1 0
0 0 0 0 1
Valid pair: 
R shifter:5419 
0 0 1 0 0
0 0 0 1 0
2 1 1 0 1
0 2 1 1 0
0 0 0 0 1
D shifter:850 
0 1 0 0 0
0 0 1 0 2
0 0 0 1 0
2 1 1 0 0
0 0 0 0 1
Valid pair: 
R shifter:5426 
0 0 1 0 0
0 0 0 1 0
2 1 0 0 1
0 2 1 0 1
0 0 0 0 1
D shifter:258 
0 1 0 0 0
0 0 1 0 0
0 0 0 1 0
2 1 0 0 1
0 0 0 0 1
Valid pair: 
R shifter:5435 
0 0 1 0 0
0 0 0 1 0
2 1 1 0 1
0 2 1 1 1
0 0 0 0 1
D shifter:770 
0 1 0 0 0
0 0 1 0 0
0 0 0 1 0
2 1 1 0 1
0 0 0 0 1
Valid pair: 
R shifter:5451 
0 0 1 0 0
0 0 0 1 0
2 1 1 0 1
0 2 1 1 2
0 0 0 0 1
D shifter:834 
0 1 0 0 0
0 0 1 0 1
0 0 0 1 0
2 1 1 0 2
0 0 0 0 1
Valid pair: 
R shifter:5459 
0 0 1 0 0
0 0 0 1 0
2 1 0 0 2
0 2 1 1 0
0 0 0 0 1
D shifter:805 
0 1 0 0 0
0 0 1 1 1
0 0 0 1 0
2 0 1 1 0
0 0 0 0 1
Valid pair: 
R shifter:5467 
0 0 1 0 0
0 0 0 1 0
2 1 1 0 2
0 2 1 1 0
0 0 0 0 1
D shifter:802 
0 1 0 0 0
0 0 1 0 1
0 0 0 1 0
2 1 1 0 0
0 0 0 0 1
Valid pair: 
R shifter:5483 
0 0 1 0 0
0 0 0 1 0
2 1 1 0 2
0 2 1 1 1
0 0 0 0 1
D shifter:866 
0 1 0 0 0
0 0 1 0 2
0 0 0 1 0
2 1 1 0 1
0 0 0 0 1
Valid pair: 
R shifter:5506 
0 0 1 0 0
0 0 0 1 0
2 2 0 0 0
0 2 1 0 1
0 0 0 0 1
D shifter:242 
0 1 0 0 0
0 0 2 0 2
0 0 0 1 0
1 1 0 0 2
0 0 0 0 1
Valid pair: 
R shifter:5522 
0 0 1 0 0
0 0 0 1 0
2 2 0 0 0
0 2 1 0 2
0 0 0 0 1
D shifter:178 
0 1 0 0 0
0 0 2 0 1
0 0 0 1 0
1 1 0 0 1
0 0 0 0 1
Valid pair: 
R shifter:5547 
0 0 1 0 0
0 0 0 1 0
2 2 1 0 1
0 2 1 1 0
0 0 0 0 1
D shifter:1186 
0 1 0 0 0
0 0 2 0 1
0 0 0 1 0
1 1 2 0 0
0 0 0 0 1
Valid pair: 
R shifter:5551 
0 0 1 0 0
0 0 0 1 0
2 2 1 1 1
0 2 1 1 0
0 0 0 0 1
D shifter:1690 
0 1 0 0 0
1 1 2 0 0
0 0 0 1 0
1 1 0 0 2
0 0 0 0 1
Valid pair: 
R shifter:5578 
0 0 1 0 0
0 0 0 1 0
2 2 1 0 1
0 2 1 0 2
0 0 0 0 1
D shifter:212 
0 1 0 0 0
0 0 2 1 2
0 0 0 1 0
1 0 0 0 0
0 0 0 0 1
Valid pair: 
R shifter:5610 
0 0 1 0 0
0 0 0 1 0
2 2 1 0 2
0 2 1 0 1
0 0 0 0 1
D shifter:164 
0 1 0 0 0
0 0 2 1 1
0 0 0 1 0
1 0 0 0 0
0 0 0 0 1
Valid pair: 
R shifter:5645 
0 0 1 0 0
0 0 0 1 0
2 0 1 1 0
1 2 0 1 1
0 0 0 0 1
D shifter:1720 
0 1 0 0 0
1 1 2 0 1
0 0 0 1 0
1 0 0 0 1
0 0 0 0 1
Valid pair: 
R shifter:5670 
0 0 1 0 0
0 0 0 1 0
2 0 0 1 1
1 2 1 0 0
0 0 0 0 1
D shifter:2584 
0 1 0 0 0
1 1 2 0 0
0 0 0 1 0
1 0 1 0 2
0 0 0 0 1
Valid pair: 
R shifter:5677 
0 0 1 0 0
0 0 0 1 0
2 0 1 1 1
1 2 0 1 0
0 0 0 0 1
D shifter:1688 
0 1 0 0 0
1 1 2 0 0
0 0 0 1 0
1 0 0 0 2
0 0 0 0 1
Valid pair: 
R shifter:5684 
0 0 1 0 0
0 0 0 1 0
2 0 0 1 1
1 2 0 0 1
0 0 0 0 1
D shifter:168 
0 1 0 0 0
0 1 2 0 1
0 0 0 1 0
1 0 0 0 0
0 0 0 0 1
Valid pair: 
R shifter:5693 
0 0 1 0 0
0 0 0 1 0
2 0 1 1 1
1 2 0 1 1
0 0 0 0 1
D shifter:1704 
0 1 0 0 0
1 1 2 0 1
0 0 0 1 0
1 0 0 0 0
0 0 0 0 1
Valid pair: 
R shifter:5709 
0 0 1 0 0
0 0 0 1 0
2 0 1 1 1
1 2 0 1 2
0 0 0 0 1
D shifter:1768 
0 1 0 0 0
1 1 2 0 2
0 0 0 1 0
1 0 0 0 1
0 0 0 0 1
Valid pair: 
R shifter:5718 
0 0 1 0 0
0 0 0 1 0
2 0 0 1 2
1 2 1 0 0
0 0 0 0 1
D shifter:2568 
0 1 0 0 0
1 1 2 0 0
0 0 0 1 0
1 0 1 0 1
0 0 0 0 1
Valid pair: 
R shifter:5725 
0 0 1 0 0
0 0 0 1 0
2 0 1 1 2
1 2 0 1 0
0 0 0 0 1
D shifter:1672 
0 1 0 0 0
1 1 2 0 0
0 0 0 1 0
1 0 0 0 1
0 0 0 0 1
Valid pair: 
R shifter:5741 
0 0 1 0 0
0 0 0 1 0
2 0 1 1 2
1 2 0 1 1
0 0 0 0 1
D shifter:1736 
0 1 0 0 0
1 1 2 0 1
0 0 0 1 0
1 0 0 0 2
0 0 0 0 1
Valid pair: 
R shifter:5760 
0 0 1 0 0
0 0 0 1 0
2 2 0 0 0
1 2 0 0 1
0 0 0 0 1
D shifter:5360 
0 1 0 0 0
2 0 0 0 2
0 0 0 1 0
0 0 2 0 2
0 0 0 0 1
Valid pair: 
R shifter:5776 
0 0 1 0 0
0 0 0 1 0
2 2 0 0 0
1 2 0 0 2
0 0 0 0 1
D shifter:5296 
0 1 0 0 0
2 0 0 0 1
0 0 0 1 0
0 0 2 0 1
0 0 0 0 1
Valid pair: 
R shifter:5794 
0 0 1 0 0
0 0 0 1 0
2 2 0 0 1
1 2 1 0 0
0 0 0 0 1
D shifter:5794 
0 1 0 0 0
2 0 2 0 1
0 0 0 1 0
1 1 2 0 0
0 0 0 0 1
Valid pair: 
R shifter:5798 
0 0 1 0 0
0 0 0 1 0
2 2 0 1 1
1 2 1 0 0
0 0 0 0 1
D shifter:234 
0 1 0 0 0
0 1 2 0 2
0 0 0 1 0
1 1 0 0 1
0 0 0 0 1
Valid pair: 
R shifter:5801 
0 0 1 0 0
0 0 0 1 0
2 2 1 0 1
1 2 0 1 0
0 0 0 0 1
D shifter:5296 
0 1 0 0 0
2 0 0 0 1
0 0 0 1 0
0 0 2 0 1
0 0 0 0 1
Valid pair: 
R shifter:5805 
0 0 1 0 0
0 0 0 1 0
2 2 1 1 1
1 2 0 1 0
0 0 0 0 1
D shifter:1194 
0 1 0 0 0
0 1 2 0 1
0 0 0 1 0
1 1 2 0 0
0 0 0 0 1
Valid pair: 
R shifter:5810 
0 0 1 0 0
0 0 0 1 0
2 2 0 0 1
1 2 1 0 1
0 0 0 0 1
D shifter:5778 
0 1 0 0 0
2 0 2 0 0
0 0 0 1 0
1 1 2 0 2
0 0 0 0 1
Valid pair: 
R shifter:5846 
0 0 1 0 0
0 0 0 1 0
2 2 0 1 2
1 2 1 0 0
0 0 0 0 1
D shifter:202 
0 1 0 0 0
0 1 2 0 1
0 0 0 1 0
1 1 0 0 2
0 0 0 0 1
Valid pair: 
R shifter:5858 
0 0 1 0 0
0 0 0 1 0
2 2 0 0 2
1 2 1 0 1
0 0 0 0 1
D shifter:5826 
0 1 0 0 0
2 0 2 0 1
0 0 0 1 0
1 1 2 0 2
0 0 0 0 1
Valid pair: 
R shifter:5874 
0 0 1 0 0
0 0 0 1 0
2 2 0 0 2
1 2 1 0 2
0 0 0 0 1
D shifter:5762 
0 1 0 0 0
2 0 2 0 0
0 0 0 1 0
1 1 2 0 1
0 0 0 0 1
Valid pair: 
R shifter:5943 
0 0 1 0 0
0 0 0 1 0
2 0 0 1 1
2 2 1 1 1
0 0 0 0 1
D shifter:2897 
0 1 0 0 0
1 0 1 0 2
0 0 0 1 0
2 0 1 1 0
0 0 0 0 1
Valid pair: 
R shifter:5957 
0 0 1 0 0
0 0 0 1 0
2 0 0 1 1
2 2 0 1 2
0 0 0 0 1
D shifter:257 
0 1 0 0 0
0 0 1 0 0
0 0 0 1 0
2 0 0 1 1
0 0 0 0 1
Valid pair: 
R shifter:5989 
0 0 1 0 0
0 0 0 1 0
2 0 0 1 2
2 2 0 1 1
0 0 0 0 1
D shifter:273 
0 1 0 0 0
0 0 1 0 0
0 0 0 1 0
2 0 0 1 2
0 0 0 0 1
Valid pair: 
R shifter:6025 
0 0 1 0 0
0 0 0 1 0
2 1 1 0 0
2 2 0 1 1
0 0 0 0 1
D shifter:5296 
0 1 0 0 0
2 0 0 0 1
0 0 0 1 0
0 0 2 0 1
0 0 0 0 1
Valid pair: 
R shifter:6027 
0 0 1 0 0
0 0 0 1 0
2 1 1 0 0
2 2 1 1 1
0 0 0 0 1
D shifter:4146 
0 1 0 0 0
2 0 1 0 1
0 0 0 1 0
2 1 0 0 1
0 0 0 0 1
Valid pair: 
R shifter:6048 
0 0 1 0 0
0 0 0 1 0
2 1 0 0 1
2 2 0 0 0
0 0 0 0 1
D shifter:5360 
0 1 0 0 0
2 0 0 0 2
0 0 0 1 0
0 0 2 0 2
0 0 0 0 1
Valid pair: 
R shifter:6067 
0 0 1 0 0
0 0 0 1 0
2 1 0 0 1
2 2 1 1 1
0 0 0 0 1
D shifter:3861 
0 1 0 0 0
2 0 1 1 0
0 0 0 1 0
1 0 0 1 2
0 0 0 0 1
Valid pair: 
R shifter:6078 
0 0 1 0 0
0 0 0 1 0
2 1 1 1 1
2 2 1 0 1
0 0 0 0 1
D shifter:1637 
0 1 0 0 0
1 0 1 1 2
0 0 0 1 0
1 0 0 1 1
0 0 0 0 1
Valid pair: 
R shifter:6096 
0 0 1 0 0
0 0 0 1 0
2 1 0 0 2
2 2 0 0 0
0 0 0 0 1
D shifter:5296 
0 1 0 0 0
2 0 0 0 1
0 0 0 1 0
0 0 2 0 1
0 0 0 0 1
Valid pair: 
R shifter:6114 
0 0 1 0 0
0 0 0 1 0
2 1 0 0 2
2 2 1 0 1
0 0 0 0 1
D shifter:6114 
0 1 0 0 0
2 0 1 0 2
0 0 0 1 0
2 1 2 0 1
0 0 0 0 1
Valid pair: 
R shifter:6131 
0 0 1 0 0
0 0 0 1 0
2 1 0 0 2
2 2 1 1 2
0 0 0 0 1
D shifter:3845 
0 1 0 0 0
2 0 1 1 0
0 0 0 1 0
1 0 0 1 1
0 0 0 0 1
Valid pair: 
R shifter:6142 
0 0 1 0 0
0 0 0 1 0
2 1 1 1 2
2 2 1 0 2
0 0 0 0 1
D shifter:1605 
0 1 0 0 0
1 0 1 1 1
0 0 0 1 0
1 0 0 1 2
0 0 0 0 1
Number of valid shift pairs: 194 
